B1,C1,C2,C3,C4,C5,C6,C7,C8,C9
C1	,1.000, 	7.200, 	5.000, 	2.400, 	2.400, 	1.600, 	1.200, 	1.600, 	0.900 
C2	,0.142, 	1.000, 	1.000, 	1.700, 	1.700, 	1.400, 	0.800, 	0.800, 	0.517 
C3	,0.207, 	1.300, 	1.000, 	2.200, 	2.000, 	1.400, 	0.900, 	1.200, 	0.617 
C4	,0.450, 	0.867, 	0.533, 	1.000, 	0.900, 	0.667, 	0.433, 	0.507, 	0.285 
C5	,0.450, 	0.867, 	0.633, 	1.200, 	1.000, 	0.667, 	0.433, 	0.507, 	0.297 
C6	,0.700, 	1.167, 	0.867, 	1.800, 	1.800, 	1.000, 	0.767, 	0.867, 	0.450 
C7	,0.900, 	1.400, 	1.200, 	2.400, 	2.400, 	1.600, 	1.000, 	1.100, 	0.567 
C8	,0.700, 	1.400, 	1.267, 	2.600, 	2.600, 	1.700, 	1.100, 	1.000, 	0.967 
C9	,1.200, 	2.400, 	1.450, 	4.200, 	3.800, 	2.600, 	2.200, 	1.500, 	1.000 
